name: flow.launcher.plugin.used-by
channels:
  - conda-forge
  - defaults
dependencies:
  - bzip2=1.0.8=h2466b09_7
  - ca-certificates=2025.8.3=h4c7d964_0
  - libffi=3.4.6=h537db12_1
  - liblzma=5.8.1=h2466b09_2
  - liblzma-devel=5.8.1=h2466b09_2
  - libsqlite=3.50.4=hf5d6505_0
  - libzlib=1.3.1=h2466b09_2
  - openssl=3.5.2=h725018a_0
  - pip=24.3.1=pyh8b19718_0
  - python=3.8.20=hfaddaf0_2_cpython
  - setuptools=75.3.0=pyhd8ed1ab_0
  - tk=8.6.13=h2c6b04d_2
  - ucrt=10.0.26100.0=h57928b3_0
  - vc=14.3=h41ae7f8_31
  - vc14_runtime=14.44.35208=h818238b_31
  - vcomp14=14.44.35208=h818238b_31
  - wheel=0.45.1=pyhd8ed1ab_0
  - xz=5.8.1=h208afaa_2
  - xz-tools=5.8.1=h2466b09_2
prefix: C:\ProgramData\miniconda3\envs\flow.launcher.plugin.used-by
